CHANNEL MATRIX:
                                            a              b              c              d              e              f              g              h              i              j              k              ?
                                         0001           0010           0011           0100           0101           0110           0111           1000           1001           1010           1011           ????
              a           0001     0.13072504     0.04662504     0.09466296     0.04662504     0.09466296     0.03376296     0.06854904     0.04662504     0.09466296     0.03376296     0.06854904     0.24078696
              b           0010     0.04662504     0.13072504     0.09466296     0.04662504     0.03376296     0.09466296     0.06854904     0.04662504     0.03376296     0.09466296     0.06854904     0.24078696
              c           0011     0.07437804     0.07437804     0.15100996     0.02652804     0.05385996     0.05385996     0.10935204     0.02652804     0.05385996     0.05385996     0.10935204     0.21303396
              d           0100     0.04662504     0.04662504     0.03376296     0.13072504     0.09466296     0.09466296     0.06854904     0.04662504     0.03376296     0.03376296     0.02444904     0.34578696
              e           0101     0.07437804     0.02652804     0.05385996     0.07437804     0.15100996     0.05385996     0.10935204     0.02652804     0.05385996     0.01920996     0.03900204     0.31803396
              f           0110     0.02652804     0.07437804     0.05385996     0.07437804     0.05385996     0.15100996     0.10935204     0.02652804     0.01920996     0.05385996     0.03900204     0.31803396
              g           0111     0.04231854     0.04231854     0.08591946     0.04231854     0.08591946     0.08591946     0.17444254     0.01509354     0.03064446     0.03064446     0.06221754     0.30224346
              h           1000     0.04662504     0.04662504     0.03376296     0.04662504     0.03376296     0.03376296     0.02444904     0.13072504     0.09466296     0.09466296     0.06854904     0.34578696
              i           1001     0.07437804     0.02652804     0.05385996     0.02652804     0.05385996     0.01920996     0.03900204     0.07437804     0.15100996     0.05385996     0.10935204     0.31803396
              j           1010     0.02652804     0.07437804     0.05385996     0.02652804     0.01920996     0.05385996     0.03900204     0.07437804     0.05385996     0.15100996     0.10935204     0.31803396
              k           1011     0.04231854     0.04231854     0.08591946     0.01509354     0.03064446     0.03064446     0.06221754     0.04231854     0.08591946     0.08591946     0.17444254     0.30224346

PROBABILITY TO RECEIVE LETTER:
              a     0.07051815
              b     0.04287314
              c     0.06535373
              d     0.05890954
              e     0.09207317
              f     0.05395787
              g     0.08247174
              h     0.04853663
              i     0.07274775
              j     0.04403626
              k     0.06553292
              ?     0.30299009

RECEIVERS ENTROPY: 3.26836574
NOISE ENTROPY: 3.14172739
LEAK ENTROPY: 2.83126161
