КАНАЛЬНАЯ МАТРИЦА:
                                            g              k              o              p              r              s              t              u              v              z              w              ?
                                         0001           0010           0011           0100           0101           0110           0111           1000           1001           1010           1011           ????
              g           0001     0.17560080     0.01412880     0.12715920     0.01412880     0.12715920     0.01023120     0.09208080     0.01412880     0.12715920     0.01023120     0.09208080     0.19591120
              k           0010     0.01412880     0.17560080     0.12715920     0.01412880     0.01023120     0.12715920     0.09208080     0.01412880     0.01023120     0.12715920     0.09208080     0.19591120
              o           0011     0.03027600     0.03027600     0.27248400     0.00243600     0.02192400     0.02192400     0.19731600     0.00243600     0.02192400     0.02192400     0.19731600     0.17976400
              p           0100     0.01412880     0.01412880     0.01023120     0.17560080     0.12715920     0.12715920     0.09208080     0.01412880     0.01023120     0.01023120     0.00740880     0.39751120
              r           0101     0.03027600     0.00243600     0.02192400     0.03027600     0.27248400     0.02192400     0.19731600     0.00243600     0.02192400     0.00176400     0.01587600     0.38136400
              s           0110     0.00243600     0.03027600     0.02192400     0.03027600     0.02192400     0.27248400     0.19731600     0.00243600     0.00176400     0.02192400     0.01587600     0.38136400
              t           0111     0.00522000     0.00522000     0.04698000     0.00522000     0.04698000     0.04698000     0.42282000     0.00042000     0.00378000     0.00378000     0.03402000     0.37858000
              u           1000     0.01412880     0.01412880     0.01023120     0.01412880     0.01023120     0.01023120     0.00740880     0.17560080     0.12715920     0.12715920     0.09208080     0.39751120
              v           1001     0.03027600     0.00243600     0.02192400     0.00243600     0.02192400     0.00176400     0.01587600     0.03027600     0.27248400     0.02192400     0.19731600     0.38136400
              z           1010     0.00243600     0.03027600     0.02192400     0.00243600     0.00176400     0.02192400     0.01587600     0.03027600     0.02192400     0.27248400     0.19731600     0.38136400
              w           1011     0.00522000     0.00522000     0.04698000     0.00042000     0.00378000     0.00378000     0.03402000     0.00522000     0.04698000     0.04698000     0.42282000     0.37858000

ВЕРОЯТНОСТЬ ПОЛУЧЕНИЯ СИМВОЛА:
              g     0.05469352
              k     0.02999404
              o     0.07818880
              p     0.01357711
              r     0.06723229
              s     0.04733507
              t     0.11744081
              u     0.01388898
              v     0.07178877
              z     0.05907542
              w     0.14230410
              ?     0.30448107

ЭНТРОПИЯ ПРИЕМНИКА: 3.10807116
ЭНТРОПИЯ ШУМА: 2.55241522
ЭНТРОПИЯ УТЕЧКИ: 2.57174793
